# This file may be used to create an environment using:
# $ conda create --name <env> --file <this file>
# platform: osx-64
brotli=1.1.0=h0dc2134_1
brotli-bin=1.1.0=h0dc2134_1
brotli-python=1.1.0=py311hdf8f085_1
bzip2=1.0.8=h10d778d_5
c-ares=1.28.1=h10d778d_0
ca-certificates=2024.2.2=h8857fd0_0
certifi=2024.2.2=pyhd8ed1ab_0
charset-normalizer=3.3.2=pyhd8ed1ab_0
click=8.1.7=unix_pyh707e725_0
coloredlogs=15.0.1=pyhd8ed1ab_3
colormath=3.0.0=py_2
contourpy=1.2.0=py311h7bea37d_0
cycler=0.12.1=pyhd8ed1ab_0
expat=2.6.2=h73e2aa4_0
fastqc=0.12.1=hdfd78af_0
font-ttf-dejavu-sans-mono=2.37=hab24e00_0
fontconfig=2.14.2=h5bb23bf_0
fonttools=4.50.0=py311he705e18_0
freetype=2.12.1=h60636b9_2
future=1.0.0=pyhd8ed1ab_0
hisat2=2.2.1=h7133b54_6
htslib=1.19.1=h365c357_2
humanfriendly=10.0=pyhd8ed1ab_6
humanize=4.9.0=pyhd8ed1ab_0
idna=3.6=pyhd8ed1ab_0
importlib-metadata=7.1.0=pyha770c72_0
jinja2=3.1.3=pyhd8ed1ab_0
kaleido-core=0.2.1=h0d85af4_0
kiwisolver=1.4.5=py311h5fe6e05_1
krb5=1.21.2=hb884880_0
lcms2=2.15=ha53face_2
lerc=4.0.0=hb486fe8_0
libblas=3.9.0=21_osx64_openblas
libbrotlicommon=1.1.0=h0dc2134_1
libbrotlidec=1.1.0=h0dc2134_1
libbrotlienc=1.1.0=h0dc2134_1
libcblas=3.9.0=21_osx64_openblas
libcurl=8.7.1=h726d00d_0
libcxx=16.0.6=hd57cbcb_0
libdeflate=1.18=hac1461d_0
libedit=3.1.20191231=h0678c8f_2
libev=4.33=h10d778d_2
libexpat=2.6.2=h73e2aa4_0
libffi=3.4.2=h0d85af4_5
libgfortran=5.0.0=13_2_0_h97931a8_3
libgfortran5=13.2.0=h2873a65_3
libjpeg-turbo=2.1.5.1=h0dc2134_1
liblapack=3.9.0=21_osx64_openblas
libnghttp2=1.58.0=h64cf6d3_1
libopenblas=0.3.26=openmp_hfef2a42_0
libpng=1.6.43=h92b6c6a_0
libsqlite=3.45.2=h92b6c6a_0
libssh2=1.11.0=hd019ec5_0
libtiff=4.6.0=hf955e92_0
libwebp-base=1.3.2=h0dc2134_0
libxcb=1.15=hb7f2c08_0
libzlib=1.2.13=h8a1eda9_5
llvm-openmp=18.1.2=hb6ac08f_0
lzstring=1.0.4=py_1001
markdown=3.6=pyhd8ed1ab_0
markdown-it-py=3.0.0=pyhd8ed1ab_0
markupsafe=2.1.5=py311he705e18_0
mathjax=2.7.7=h694c41f_3
matplotlib-base=3.8.3=py311h6ff1f5f_0
mdurl=0.1.2=pyhd8ed1ab_0
multiqc=1.19=pyhdfd78af_0
munkres=1.1.4=pyh9f0ad1d_0
ncurses=6.4.20240210=h73e2aa4_0
networkx=3.2.1=pyhd8ed1ab_0
numpy=1.26.4=py311hc43a94b_0
openjdk=21.0.2=h2d185b6_0
openjpeg=2.5.2=h7310d3a_0
openssl=3.2.1=hd75f5a5_1
packaging=24.0=pyhd8ed1ab_0
perl=5.32.1=7_h10d778d_perl5
pillow=10.0.1=py311hd5308a1_1
pip=24.0=pyhd8ed1ab_0
plotly=5.19.0=pyhd8ed1ab_0
pthread-stubs=0.4=hc929b4f_1001
pyaml-env=1.1.0=pyhd8ed1ab_0
pygments=2.17.2=pyhd8ed1ab_0
pyparsing=3.1.2=pyhd8ed1ab_0
pysocks=1.7.1=pyha2e5f31_6
python=3.11.8=h9f0c242_0_cpython
python-dateutil=2.9.0=pyhd8ed1ab_0
python-kaleido=0.2.1=pyhd8ed1ab_0
python_abi=3.11=4_cp311
pyyaml=5.4.1=py311h5547dcb_4
readline=8.2=h9e318b2_1
requests=2.31.0=pyhd8ed1ab_0
rich=13.7.1=pyhd8ed1ab_0
rich-click=1.7.4=pyhd8ed1ab_0
samtools=1.19.2=hd510865_1
setuptools=69.2.0=pyhd8ed1ab_0
simplejson=3.19.2=py311he705e18_0
six=1.16.0=pyh6c4a22f_0
spectra=0.0.11=py_1
tenacity=8.2.3=pyhd8ed1ab_0
tk=8.6.13=h1abcd95_1
trimmomatic=0.39=hdfd78af_2
typing_extensions=4.10.0=pyha770c72_0
tzdata=2024a=h0c530f3_0
urllib3=2.2.1=pyhd8ed1ab_0
wheel=0.43.0=pyhd8ed1ab_1
xorg-libxau=1.0.11=h0dc2134_0
xorg-libxdmcp=1.1.3=h35c211d_0
xz=5.2.6=h775f41a_0
yaml=0.2.5=h0d85af4_2
zipp=3.17.0=pyhd8ed1ab_0
zstd=1.5.5=h829000d_0
